274
274
257
257
292
292
293
292
294
294
290
289
259
258
294
294
286
286
292
292
258
258
245
245
119
119
258
258
293
293
258
258
279
278
293
293
292
291
292
292
286
286
259
258
293
292
293
293
292
292
286
286
291
290
259
259
293
293
258
257
293
293
296
295
298
298
296
296
297
297
262
262
295
294
296
296
261
261
296
296
233
232
262
262
296
296
295
294
298
297
296
296
295
294
296
296
290
290
262
262
260
260
298
298
262
262
297
296
297
297
296
295
154
154
254
253
297
296
298
297
262
261
295
295
264
264
268
267
283
283
296
296
257
257
199
198
138
138
289
288
297
297
297
297
242
242
297
297
297
296
297
297
297
296
296
296
297
297
296
296
296
296
289
289
283
282
289
288
298
298
298
297
203
203
262
262
297
297
298
297
289
288
297
297
297
296
210
210
297
297
263
262
296
296
295
295
277
277
295
295
87.6
87.2
269
269
261
261
296
296
297
296
162
162
191
191
262
261
296
295
297
297
238
238
261
260
266
266
284
283
296
296
251
251
288
288
294
294
276
276
223
223
241
240
252
251
272
271
267
267
240
240
257
257
250
250
