222
222
336
335
335
334
335
335
335
334
324
324
335
335
337
336
332
331
332
332
335
334
335
335
234
234
335
335
332
332
330
329
335
335
335
334
325
325
332
332
335
335
334
334
332
331
332
332
335
334
336
335
335
334
334
334
335
334
336
336
335
334
335
334
332
331
331
331
324
323
326
325
334
333
320
320
334
334
334
334
323
322
336
335
326
326
333
332
333
332
254
253
332
331
324
324
334
334
276
275
305
305
335
335
328
327
332
332
337
337
331
330
333
333
334
333
253
253
337
336
325
324
325
324
333
333
332
331
328
327
318
318
334
333
335
335
322
321
336
336
333
332
334
334
258
258
332
332
335
335
332
332
334
334
284
283
330
330
336
335
335
335
335
335
326
325
276
276
335
335
335
335
293
293
332
332
208
207
335
335
335
335
318
317
334
334
309
309
324
324
259
258
241
241
334
334
334
333
333
333
332
331
332
332
333
333
330
329
325
325
289
288
303
303
324
324
223
223
163
163
327
326
284
284
319
318
329
328
332
332
291
291
321
320
295
295
324
323
313
313
318
318
327
327
318
318
325
325
311
310
320
319
273
272
317
317
266
266
317
317
323
323
315
314
331
331
307
307
334
333
319
319
333
332
333
332
329
328
309
309
322
322
311
311
333
333
284
284
334
334
318
317
259
259
332
331
332
331
260
260
329
329
322
322
326
325
334
333
323
323
