274
257
292
293
294
290
259
294
286
292
258
245
119
258
293
258
279
293
292
292
286
259
293
293
292
286
291
259
293
258
293
296
298
296
297
262
295
296
261
296
233
262
296
295
298
296
295
296
290
262
260
298
262
297
297
296
154
254
297
298
262
295
264
268
283
296
257
199
138
289
297
297
242
297
297
297
297
296
297
296
296
289
283
289
298
298
203
262
297
298
289
297
297
210
297
263
296
295
277
295
87.6
269
261
296
297
162
191
262
296
297
238
261
266
284
296
251
288
294
276
223
241
252
272
267
240
257
250
274
257
292
293
294
290
259
294
286
292
258
245
119
258
293
258
279
293
292
292
286
259
293
293
292
286
291
259
293
258
293
296
298
296
297
262
295
296
261
296
233
262
296
295
298
296
295
296
290
262
260
298
262
297
297
296
154
254
297
298
262
295
264
268
283
296
257
199
138
289
297
297
242
297
297
297
297
296
297
296
296
289
283
289
298
298
203
262
297
298
289
297
297
210
297
263
296
295
277
295
87.6
269
261
296
297
162
191
262
296
297
238
261
266
284
296
251
288
294
276
223
241
252
272
267
240
257
250
