342
203
287
233
232
350
350
294
294
224
224
349
349
223
223
345
344
356
356
224
223
296
295
233
232
344
343
340
339
360
359
356
355
356
356
233
233
351
351
326
326
353
352
225
224
224
224
320
319
224
224
357
356
224
224
224
224
357
357
259
258
333
332
350
350
305
305
277
276
225
224
350
350
314
314
357
356
357
357
215
214
342
342
360
360
284
284
355
355
332
331
361
361
348
347
224
224
224
224
342
341
224
224
360
360
340
340
172
172
343
342
224
224
325
324
358
358
347
347
348
347
224
224
224
224
232
231
336
335
225
224
337
336
339
339
354
354
358
358
252
252
321
321
350
349
223
223
184
184
362
362
356
355
224
224
360
360
358
357
232
232
134
134
224
224
334
333
362
362
352
351
343
343
344
344
330
330
233
232
303
303
350
350
223
223
313
313
234
234
262
261
224
223
224
223
264
263
351
350
225
224
356
356
354
354
225
224
350
349
346
346
232
232
309
309
336
335
224
223
278
277
208
207
226
226
211
210
318
318
224
224
299
298
325
325
327
326
309
308
328
328
224
224
223
222
309
309
297
297
299
299
255
254
335
335
344
344
302
302
218
217
310
310
224
224
249
249
334
333
339
338
206
206
303
303
296
295
324
324
336
335
214
214
297
297
223
223
325
325
333
332
245
245
223
223
297
296
326
325
341
340
280
279
223
223
293
293
303
302
224
224
256
256
